40 30
1
184
1 19
2 19
2 21
8 21
8 22
2 22
2 25
4 25
4 26
2 26
2 35
5 35
5 38
11 38
11 36
14 36
14 38
22 38
22 35
23 35
23 38
28 38
28 17
24 17
24 16
28 16
28 7
25 7
25 10
27 10
27 11
24 11
24 6
20 6
20 3
21 3
21 5
22 5
22 3
27 3
27 4
23 4
23 5
26 5
26 6
28 6
28 2
10 2
10 3
12 3
12 4
10 4
10 6
14 6
14 7
9 7
9 8
8 8
8 6
5 6
5 7
4 7
4 4
5 4
5 5
7 5
7 2
2 2
2 9
16 9
16 7
17 7
17 3
18 3
18 7
20 7
20 8
17 8
17 10
14 10
14 12
19 12
19 11
23 11
23 15
22 15
22 13
19 13
19 17
21 17
21 18
18 18
18 21
26 21
26 19
27 19
27 25
26 25
26 22
18 22
18 24
17 24
17 25
16 25
16 22
11 22
11 26
10 26
10 32
15 32
15 28
13 28
13 27
19 27
19 28
16 28
16 33
24 33
24 31
21 31
21 27
22 27
22 30
25 30
25 26
26 26
26 34
18 34
18 37
16 37
16 36
17 36
17 34
9 34
9 36
8 36
8 33
4 33
4 32
8 32
8 28
4 28
4 27
8 27
8 25
5 25
5 24
10 24
10 21
17 21
17 18
15 18
15 17
18 17
18 14
13 14
13 16
12 16
12 10
2 10
2 15
5 15
5 12
9 12
9 11
10 11
10 15
9 15
9 13
6 13
6 19
7 19
7 16
8 16
8 20
5 20
5 16
2 16
2 18
1 18
1 1
29 1
29 39
1 39
6 5
0 20
